84
47 778
20 794
32 387
157 650
158 363
20 691
68 764
71 541
163 173
17 212
57 568
94 783
27 863
140 68
104 930
43 23
139 70
136 394
113 12
59 230
166 422
120 785
74 199
45 316
163 414
167 92
93 957
10 863
75 997
74 306
70 85
160 337
90 847
82 314
162 125
88 583
130 815
136 435
141 44
15 88
25 277
99 789
145 404
108 755
128 933
61 677
1 740
149 227
91 95
36 796
155 435
155 468
34 98
63 318
85 653
93 302
129 287
98 866
42 445
156 441
130 32
110 98
12 482
132 710
104 568
137 498
34 587
78 307
156 220
153 529
88 733
54 504
12 271
25 709
60 341
94 797
12 619
62 847
76 922
36 380
65 765
141 842
39 194
77 35