95
aababaabaaabaabaaabbababaabaaabaabaaabaaaabaabaaabaabaaabaaaabaabaaabaabaaabaababaabababaabaaab
950
66 81 51 66
1 31 32 62
27 65 21 59
1 31 32 62
15 54 39 78
1 31 32 62
7 14 53 60
1 31 32 62
3 29 48 74
1 31 32 62
1 45 48 92
1 31 32 62
81 93 36 48
1 31 32 62
95 95 13 13
1 31 32 62
55 60 61 66
1 31 32 62
47 67 46 66
1 31 32 62
73 79 45 51
1 31 32 62
53 80 24 51
1 31 32 62
88 91 34 37
1 31 32 62
68 90 56 78
1 31 32 62
43 48 70 75
1 31 32 62
31 53 66 88
1 31 32 62
59 85 46 72
1 31 32 62
67 87 45 65
1 31 32 62
78 91 64 77
1 31 32 62
53 70 54 71
1 31 32 62
39 95 38 94
1 31 32 62
95 95 75 75
1 31 32 62
19 72 15 68
1 31 32 62
84 91 43 50
1 31 32 62
74 90 59 75
1 31 32 62
1 60 6 65
1 31 32 62
44 74 34 64
1 31 32 62
47 85 55 93
1 31 32 62
66 91 3 28
1 31 32 62
60 76 10 26
1 31 32 62
21 46 48 73
1 31 32 62
10 75 11 76
1 31 32 62
26 74 12 60
1 31 32 62
71 79 49 57
1 31 32 62
67 74 21 28
1 31 32 62
90 93 48 51
1 31 32 62
70 80 5 15
1 31 32 62
64 75 44 55
1 31 32 62
59 70 65 76
1 31 32 62
91 95 40 44
1 31 32 62
59 67 53 61
1 31 32 62
36 75 32 71
1 31 32 62
38 52 75 89
1 31 32 62
75 76 57 58
1 31 32 62
60 86 63 89
1 31 32 62
79 92 64 77
1 31 32 62
12 19 59 66
1 31 32 62
80 94 68 82
1 31 32 62
56 75 25 44
1 31 32 62
90 94 20 24
1 31 32 62
78 91 73 86
1 31 32 62
52 92 22 62
1 31 32 62
81 89 1 9
1 31 32 62
37 64 56 83
1 31 32 62
72 88 29 45
1 31 32 62
88 89 23 24
1 31 32 62
48 62 25 39
1 31 32 62
27 87 24 84
1 31 32 62
47 73 29 55
1 31 32 62
76 79 51 54
1 31 32 62
58 78 58 78
1 31 32 62
50 69 17 36
1 31 32 62
11 66 36 91
1 31 32 62
1 19 40 58
1 31 32 62
12 56 22 66
1 31 32 62
14 58 3 47
1 31 32 62
83 92 18 27
1 31 32 62
41 95 19 73
1 31 32 62
37 76 8 47
1 31 32 62
7 84 6 83
1 31 32 62
65 92 5 32
1 31 32 62
76 94 36 54
1 31 32 62
41 75 38 72
1 31 32 62
60 71 70 81
1 31 32 62
31 61 49 79
1 31 32 62
89 90 39 40
1 31 32 62
29 87 24 82
1 31 32 62
3 8 24 29
1 31 32 62
14 16 67 69
1 31 32 62
29 32 36 39
1 31 32 62
8 13 29 34
1 31 32 62
40 95 14 69
1 31 32 62
73 90 5 22
1 31 32 62
53 58 67 72
1 31 32 62
41 89 36 84
1 31 32 62
31 38 56 63
1 31 32 62
57 58 26 27
1 31 32 62
46 55 5 14
1 31 32 62
85 94 2 11
1 31 32 62
29 73 8 52
1 31 32 62
6 93 6 93
1 31 32 62
72 91 44 63
1 31 32 62
24 39 45 60
1 31 32 62
66 87 12 33
1 31 32 62
38 45 79 86
1 31 32 62
79 94 72 87
1 31 32 62
86 87 65 66
1 31 32 62
6 52 38 84
1 31 32 62
79 84 83 88
1 31 32 62
68 91 37 60
1 31 32 62
63 86 63 86
1 31 32 62
43 57 44 58
1 31 32 62
30 70 34 74
1 31 32 62
89 92 21 24
1 31 32 62
19 82 31 94
1 31 32 62
24 89 18 83
1 31 32 62
80 85 56 61
1 31 32 62
30 86 12 68
1 31 32 62
89 92 42 45
1 31 32 62
70 88 46 64
1 31 32 62
3 72 14 83
1 31 32 62
39 70 14 45
1 31 32 62
86 87 1 2
1 31 32 62
16 18 66 68
1 31 32 62
23 63 9 49
1 31 32 62
73 90 26 43
1 31 32 62
57 63 61 67
1 31 32 62
25 48 39 62
1 31 32 62
26 63 52 89
1 31 32 62
14 40 64 90
1 31 32 62
33 93 13 73
1 31 32 62
63 66 83 86
1 31 32 62
31 91 28 88
1 31 32 62
87 87 26 26
1 31 32 62
68 75 7 14
1 31 32 62
12 66 23 77
1 31 32 62
92 92 42 42
1 31 32 62
47 59 4 16
1 31 32 62
55 55 27 27
1 31 32 62
57 62 14 19
1 31 32 62
23 70 13 60
1 31 32 62
19 50 16 47
1 31 32 62
13 22 17 26
1 31 32 62
74 82 2 10
1 31 32 62
57 62 37 42
1 31 32 62
35 47 22 34
1 31 32 62
20 37 1 18
1 31 32 62
19 71 35 87
1 31 32 62
44 45 44 45
1 31 32 62
78 82 50 54
1 31 32 62
4 66 16 78
1 31 32 62
60 79 26 45
1 31 32 62
84 91 30 37
1 31 32 62
56 79 56 79
1 31 32 62
45 69 44 68
1 31 32 62
23 69 20 66
1 31 32 62
33 79 18 64
1 31 32 62
88 92 9 13
1 31 32 62
89 90 5 6
1 31 32 62
38 61 33 56
1 31 32 62
19 35 45 61
1 31 32 62
58 91 16 49
1 31 32 62
25 44 15 34
1 31 32 62
22 72 38 88
1 31 32 62
24 89 13 78
1 31 32 62
54 83 27 56
1 31 32 62
78 82 91 95
1 31 32 62
5 31 21 47
1 31 32 62
82 94 6 18
1 31 32 62
50 95 37 82
1 31 32 62
73 78 72 77
1 31 32 62
33 83 14 64
1 31 32 62
7 50 42 85
1 31 32 62
85 85 21 21
1 31 32 62
68 72 37 41
1 31 32 62
58 74 53 69
1 31 32 62
68 77 3 12
1 31 32 62
89 93 42 46
1 31 32 62
76 78 73 75
1 31 32 62
94 95 25 26
1 31 32 62
84 89 90 95
1 31 32 62
61 80 13 32
1 31 32 62
12 14 64 66
1 31 32 62
81 86 59 64
1 31 32 62
49 81 60 92
1 31 32 62
8 95 4 91
1 31 32 62
14 28 16 30
1 31 32 62
10 72 11 73
1 31 32 62
6 70 29 93
1 31 32 62
50 70 60 80
1 31 32 62
78 78 80 80
1 31 32 62
83 86 23 26
1 31 32 62
44 87 25 68
1 31 32 62
29 58 59 88
1 31 32 62
19 23 81 85
1 31 32 62
76 87 67 78
1 31 32 62
13 45 21 53
1 31 32 62
30 87 18 75
1 31 32 62
46 79 24 57
1 31 32 62
59 86 38 65
1 31 32 62
34 91 17 74
1 31 32 62
94 95 1 2
1 31 32 62
83 87 53 57
1 31 32 62
49 91 41 83
1 31 32 62
39 90 40 91
1 31 32 62
40 82 35 77
1 31 32 62
58 77 35 54
1 31 32 62
77 83 55 61
1 31 32 62
64 75 60 71
1 31 32 62
54 66 13 25
1 31 32 62
16 47 20 51
1 31 32 62
91 95 14 18
1 31 32 62
66 85 53 72
1 31 32 62
32 94 25 87
1 31 32 62
25 90 11 76
1 31 32 62
10 62 35 87
1 31 32 62
79 92 25 38
1 31 32 62
51 83 50 82
1 31 32 62
93 95 22 24
1 31 32 62
82 86 11 15
1 31 32 62
1 45 40 84
1 31 32 62
81 88 11 18
1 31 32 62
79 89 37 47
1 31 32 62
34 41 75 82
1 31 32 62
19 77 37 95
1 31 32 62
51 71 35 55
1 31 32 62
53 93 8 48
1 31 32 62
13 50 25 62
1 31 32 62
91 92 8 9
1 31 32 62
52 66 42 56
1 31 32 62
20 84 28 92
1 31 32 62
41 93 13 65
1 31 32 62
43 90 43 90
1 31 32 62
57 83 18 44
1 31 32 62
75 78 3 6
1 31 32 62
89 93 14 18
1 31 32 62
20 68 33 81
1 31 32 62
95 95 28 28
1 31 32 62
59 70 72 83
1 31 32 62
95 95 13 13
1 31 32 62
55 73 55 73
1 31 32 62
31 95 30 94
1 31 32 62
69 82 9 22
1 31 32 62
39 93 27 81
1 31 32 62
59 88 8 37
1 31 32 62
26 52 58 84
1 31 32 62
51 84 34 67
1 31 32 62
47 77 34 64
1 31 32 62
64 77 25 38
1 31 32 62
12 33 39 60
1 31 32 62
56 91 58 93
1 31 32 62
3 34 5 36
1 31 32 62
93 95 2 4
1 31 32 62
56 69 62 75
1 31 32 62
55 65 9 19
1 31 32 62
87 93 9 15
1 31 32 62
81 94 23 36
1 31 32 62
59 69 9 19
1 31 32 62
76 94 59 77
1 31 32 62
30 65 57 92
1 31 32 62
31 88 37 94
1 31 32 62
49 60 55 66
1 31 32 62
62 93 36 67
1 31 32 62
66 69 75 78
1 31 32 62
21 62 12 53
1 31 32 62
37 91 28 82
1 31 32 62
69 78 81 90
1 31 32 62
28 74 25 71
1 31 32 62
45 49 65 69
1 31 32 62
42 59 62 79
1 31 32 62
92 94 21 23
1 31 32 62
5 16 77 88
1 31 32 62
57 61 83 87
1 31 32 62
41 55 77 91
1 31 32 62
30 91 25 86
1 31 32 62
34 49 54 69
1 31 32 62
27 34 76 83
1 31 32 62
1 5 30 34
1 31 32 62
48 49 41 42
1 31 32 62
55 92 9 46
1 31 32 62
75 87 20 32
1 31 32 62
92 92 64 64
1 31 32 62
35 91 4 60
1 31 32 62
33 34 55 56
1 31 32 62
91 94 75 78
1 31 32 62
92 94 65 67
1 31 32 62
79 85 84 90
1 31 32 62
52 67 31 46
1 31 32 62
83 93 57 67
1 31 32 62
45 93 16 64
1 31 32 62
59 83 60 84
1 31 32 62
56 94 3 41
1 31 32 62
50 58 25 33
1 31 32 62
6 43 7 44
1 31 32 62
73 74 21 22
1 31 32 62
66 80 80 94
1 31 32 62
2 38 41 77
1 31 32 62
21 79 36 94
1 31 32 62
64 85 52 73
1 31 32 62
63 70 52 59
1 31 32 62
39 77 31 69
1 31 32 62
68 86 22 40
1 31 32 62
43 86 23 66
1 31 32 62
54 75 61 82
1 31 32 62
35 77 25 67
1 31 32 62
44 55 16 27
1 31 32 62
17 71 40 94
1 31 32 62
61 91 65 95
1 31 32 62
82 92 64 74
1 31 32 62
7 37 55 85
1 31 32 62
33 86 39 92
1 31 32 62
55 76 39 60
1 31 32 62
34 48 75 89
1 31 32 62
33 52 11 30
1 31 32 62
36 84 35 83
1 31 32 62
60 70 23 33
1 31 32 62
13 35 39 61
1 31 32 62
71 81 57 67
1 31 32 62
55 74 31 50
1 31 32 62
67 90 16 39
1 31 32 62
64 87 52 75
1 31 32 62
19 28 45 54
1 31 32 62
85 94 18 27
1 31 32 62
13 23 23 33
1 31 32 62
68 87 29 48
1 31 32 62
30 35 75 80
1 31 32 62
35 86 2 53
1 31 32 62
45 74 3 32
1 31 32 62
20 45 51 76
1 31 32 62
24 35 48 59
1 31 32 62
57 63 78 84
1 31 32 62
93 94 4 5
1 31 32 62
80 93 21 34
1 31 32 62
83 90 35 42
1 31 32 62
16 34 56 74
1 31 32 62
85 88 88 91
1 31 32 62
69 77 5 13
1 31 32 62
7 76 5 74
1 31 32 62
57 65 44 52
1 31 32 62
2 71 13 82
1 31 32 62
43 47 56 60
1 31 32 62
14 17 33 36
1 31 32 62
52 95 44 87
1 31 32 62
54 76 20 42
1 31 32 62
74 90 25 41
1 31 32 62
10 91 8 89
1 31 32 62
32 89 18 75
1 31 32 62
95 95 66 66
1 31 32 62
73 95 12 34
1 31 32 62
91 91 12 12
1 31 32 62
56 62 48 54
1 31 32 62
44 54 71 81
1 31 32 62
73 86 77 90
1 31 32 62
26 38 71 83
1 31 32 62
4 29 5 30
1 31 32 62
52 67 66 81
1 31 32 62
12 58 12 58
1 31 32 62
67 72 4 9
1 31 32 62
3 69 9 75
1 31 32 62
76 79 1 4
1 31 32 62
17 67 16 66
1 31 32 62
22 84 33 95
1 31 32 62
15 90 10 85
1 31 32 62
19 28 53 62
1 31 32 62
58 90 31 63
1 31 32 62
6 75 14 83
1 31 32 62
64 82 44 62
1 31 32 62
34 89 17 72
1 31 32 62
19 61 35 77
1 31 32 62
68 69 78 79
1 31 32 62
26 86 28 88
1 31 32 62
37 38 71 72
1 31 32 62
65 87 38 60
1 31 32 62
75 84 63 72
1 31 32 62
15 47 50 82
1 31 32 62
76 95 12 31
1 31 32 62
52 54 3 5
1 31 32 62
79 80 48 49
1 31 32 62
84 93 53 62
1 31 32 62
56 87 58 89
1 31 32 62
59 92 49 82
1 31 32 62
74 92 12 30
1 31 32 62
18 82 4 68
1 31 32 62
67 80 57 70
1 31 32 62
54 67 33 46
1 31 32 62
76 87 10 21
1 31 32 62
77 88 32 43
1 31 32 62
35 49 40 54
1 31 32 62
28 32 91 95
1 31 32 62
5 28 66 89
1 31 32 62
74 82 28 36
1 31 32 62
3 3 13 13
1 31 32 62
79 84 63 68
1 31 32 62
29 53 23 47
1 31 32 62
61 82 42 63
1 31 32 62
70 72 37 39
1 31 32 62
79 91 53 65
1 31 32 62
66 66 1 1
1 31 32 62
30 43 39 52
1 31 32 62
74 77 60 63
1 31 32 62
55 76 35 56
1 31 32 62
20 36 52 68
1 31 32 62
36 77 19 60
1 31 32 62
8 25 28 45
1 31 32 62
81 81 67 67
1 31 32 62
33 92 25 84
1 31 32 62
64 86 71 93
1 31 32 62
68 90 57 79
1 31 32 62
69 84 42 57
1 31 32 62
76 77 45 46
1 31 32 62
74 76 53 55
1 31 32 62
76 82 9 15
1 31 32 62
91 95 46 50
1 31 32 62
56 60 70 74
1 31 32 62
63 93 41 71
1 31 32 62
55 77 71 93
1 31 32 62
83 85 54 56
1 31 32 62
13 27 18 32
1 31 32 62
63 74 41 52
1 31 32 62
66 87 21 42
1 31 32 62
43 44 64 65
1 31 32 62
8 29 62 83
1 31 32 62
19 24 41 46
1 31 32 62
78 91 7 20
1 31 32 62
10 81 11 82
1 31 32 62
14 83 21 90
1 31 32 62
44 86 8 50
1 31 32 62
45 57 69 81
1 31 32 62
83 88 28 33
1 31 32 62
62 66 34 38
1 31 32 62
8 57 28 77
1 31 32 62
30 77 10 57
1 31 32 62
36 94 4 62
1 31 32 62
21 63 25 67
1 31 32 62
89 90 69 70
1 31 32 62
63 82 38 57
1 31 32 62
38 81 44 87
1 31 32 62
58 94 15 51
1 31 32 62
14 22 6 14
1 31 32 62
20 23 68 71
1 31 32 62
11 15 75 79
1 31 32 62
4 21 54 71
1 31 32 62
75 94 66 85
1 31 32 62
31 64 7 40
1 31 32 62
68 81 44 57
1 31 32 62
17 22 20 25
1 31 32 62
29 76 20 67
1 31 32 62
45 79 6 40
1 31 32 62
35 88 17 70
1 31 32 62
81 87 30 36
1 31 32 62
90 91 1 2
1 31 32 62
8 35 30 57
1 31 32 62
64 82 69 87
1 31 32 62
49 54 86 91
1 31 32 62
93 93 30 30
1 31 32 62
71 71 67 67
1 31 32 62
33 61 5 33
1 31 32 62
52 75 70 93
1 31 32 62
84 94 53 63
1 31 32 62
55 89 7 41
1 31 32 62
65 69 3 7
1 31 32 62
80 87 34 41
1 31 32 62
78 80 18 20
1 31 32 62
47 90 1 44
1 31 32 62
30 58 28 56
1 31 32 62
17 93 12 88
1 31 32 62
1 4 48 51
1 31 32 62
71 93 51 73
1 31 32 62
81 81 73 73
1 31 32 62
86 94 85 93
1 31 32 62
19 78 14 73
1 31 32 62
62 77 54 69
1 31 32 62
43 94 13 64
1 31 32 62
53 86 59 92
1 31 32 62
6 20 69 83
1 31 32 62
16 59 24 67
1 31 32 62
85 88 27 30
1 31 32 62
53 53 94 94
1 31 32 62
60 94 19 53
1 31 32 62
93 93 11 11
1 31 32 62
14 59 24 69
1 31 32 62
18 30 13 25
1 31 32 62
51 52 26 27
1 31 32 62
10 11 5 6
1 31 32 62
69 94 52 77
1 31 32 62